1701,0
1732,0.32
1798,1.07
1866,1.84
1945,2.62
2011,3.40
2082,4.19
2152,4.97
2240,5.76
2299,6.55
2371,7.34
2443,8.12
2531,8.91
2600,9.7

c=-18.377237193776
m=0.010818290306434

32,0
91,4.46
159,9.53
224,14.26
289,19.38
354,24.57
421,29.79
485,33.9
551,38.8
615,43.9
683,49

c=-2.3751814517224
m=0.075234886262537


1642, 0
1666, 0.33
1701, 1.11
1736, 1.91
1775, 2.72
1811, 3.54
1851, 4.36
1888, 5.18
1929, 6.00
1968, 6.83
2003, 7.65
2042, 8.47
2080, 9.30

c = -35.298548189551
m = 0.021429566929444

0, 0
48, 5
117, 10
185, 15
254, 20
320, 25
390, 30
457, 35
523, 40
591, 45
662, 50

c = 0.98143834306731
m = 0.074486658648508


Sensor2
1604, 0
1637, 0.300
1713, 1.03
1786, 1.8
1861, 2.57
1948, 3.35
2018, 4.13
2087, 4.93
2160, 5.72
2242, 6.49
2312, 7.27
2385, 8.04
2466, 8.82
2536, 9.6

c = -16.679364329412
m = 0.010348151647079
